background_0.jpg
15
1 143 34 28 28 
2 4 249 28 28 
2 51 29 28 28 
1 324 59 28 28 
0 40 106 28 28 
4 168 248 28 28 
4 254 25 28 28 
9 222 354 28 28 
1 16 348 28 28 
4 262 177 28 28 
9 104 115 28 28 
0 338 270 28 28 
4 326 172 28 28 
6 169 329 28 28 
6 378 349 28 28 
background_1.jpg
16
6 106 240 28 28 
0 26 258 28 28 
8 249 208 28 28 
0 320 173 28 28 
0 13 71 28 28 
6 163 356 28 28 
6 243 344 28 28 
6 114 153 28 28 
8 347 211 28 28 
0 213 154 28 28 
7 367 74 28 28 
7 122 65 28 28 
9 20 382 28 28 
7 230 28 28 28 
4 370 358 28 28 
7 63 137 28 28 
background_2.jpg
14
7 145 255 28 28 
9 131 134 28 28 
4 377 131 28 28 
0 5 332 28 28 
2 374 253 28 28 
5 240 272 28 28 
8 223 11 28 28 
2 26 8 28 28 
0 172 320 28 28 
4 337 375 28 28 
8 162 24 28 28 
0 37 160 28 28 
6 374 43 28 28 
9 220 374 28 28 
background_3.jpg
13
6 67 118 28 28 
9 357 362 28 28 
3 57 236 28 28 
1 255 164 28 28 
8 130 362 28 28 
8 153 218 28 28 
2 381 221 28 28 
3 330 117 28 28 
4 135 128 28 28 
3 238 258 28 28 
4 40 49 28 28 
5 322 22 28 28 
3 238 73 28 28 
background_4.jpg
15
1 143 26 28 28 
1 341 63 28 28 
9 128 333 28 28 
3 45 226 28 28 
2 370 267 28 28 
8 231 341 28 28 
7 16 334 28 28 
3 265 65 28 28 
3 139 167 28 28 
7 51 127 28 28 
7 322 116 28 28 
9 225 161 28 28 
7 0 68 28 28 
7 272 216 28 28 
1 172 256 28 28 
